[app/ui]
version = 7.0.3
modtime = 1524442656.210087000

[app/launcher]
version = 7.0.3
modtime = 1524442656.216247000
