[app/ui]
version = 7.0.3
modtime = 1524441545.430386000

[app/launcher]
version = 7.0.3
modtime = 1524441545.431648000
